[[787.814064357828] [162 817 812] [57 618 57]]
[[908.7843528582565] [162 817 812] [906 360 560]]
[[561.7187908553532] [162 817 812] [592 479 940]]
[[723.7879523727927] [162 817 812] [352 342 300]]
[[736.432617419951] [162 817 812] [466 668 158]]
[[1047.4349621814235] [162 817 812] [542 29 236]]
[[321.560258738545] [162 817 812] [431 825 988]]
[[693.2055972076394] [162 817 812] [739 650 466]]
[[391.46519640959144] [162 817 812] [52 470 668]]
[[693.0959529531247] [162 817 812] [216 146 977]]
[[1044.5022738127477] [162 817 812] [819 987 18]]
[[709.0486584149215] [162 817 812] [117 168 530]]
[[970.9268767523124] [162 817 812] [805 96 715]]
[[413.5166260260886] [162 817 812] [346 949 466]]
[[1103.5596948058587] [162 817 812] [970 615 88]]
[[927.6858304404568] [162 817 812] [941 993 340]]
[[1290.4514713851117] [162 817 812] [862 61 35]]
[[1191.7772442868675] [162 817 812] [984 92 344]]
[[316.90219311326956] [162 817 812] [425 690 689]]
[[1019.9872548223335] [57 618 57] [906 360 560]]
[[1041.746130302388] [57 618 57] [592 479 940]]
[[471.4339826529267] [57 618 57] [352 342 300]]
[[424.24285497813634] [57 618 57] [466 668 158]]
[[783.7008357785514] [57 618 57] [542 29 236]]
[[1024.444239575781] [57 618 57] [431 825 988]]
[[795.8825290204579] [57 618 57] [739 650 466]]
[[628.6891123599962] [57 618 57] [52 470 668]]
[[1046.1668127024486] [57 618 57] [216 146 977]]
[[847.5411494434945] [57 618 57] [819 987 18]]
[[655.6134531871658] [57 618 57] [117 168 530]]
[[1124.700849114999] [57 618 57] [805 96 715]]
[[600.3024237832128] [57 618 57] [346 949 466]]
[[913.5310613219455] [57 618 57] [970 615 88]]
[[1001.0844120252797] [57 618 57] [941 993 340]]
[[979.1618865131546] [57 618 57] [862 61 35]]
[[1103.7998006885125] [57 618 57] [984 92 344]]
[[734.8686957545546] [57 618 57] [425 690 689]]
[[507.10649769057386] [906 360 560] [592 479 940]]
[[612.2417823049975] [906 360 560] [352 342 300]]
[[670.8710755428349] [906 360 560] [466 668 158]]
[[589.0950687282996] [906 360 560] [542 29 236]]
[[790.5909182377445] [906 360 560] [431 825 988]]
[[347.59890678769403] [906 360 560] [739 650 466]]
[[867.801820694103] [906 360 560] [52 470 668]]
[[834.1372788696115] [906 360 560] [216 146 977]]
[[833.3438666000968] [906 360 560] [819 987 18]]
[[812.5792269065214] [906 360 560] [117 168 530]]
[[322.36935338211043] [906 360 560] [805 96 715]]
[[818.142408141761] [906 360 560] [346 949 466]]
[[540.2823335997579] [906 360 560] [970 615 88]]
[[671.0543942185313] [906 360 560] [941 993 340]]
[[605.773885208004] [906 360 560] [862 61 35]]
[[352.936254867646] [906 360 560] [984 92 344]]
[[597.412755136681] [906 360 560] [425 690 689]]
[[697.1147681694887] [592 479 940] [352 342 300]]
[[814.3224177191735] [592 479 940] [466 668 158]]
[[837.0280759926754] [592 479 940] [542 29 236]]
[[384.6309919910251] [592 479 940] [431 825 988]]
[[524.9057058177211] [592 479 940] [739 650 466]]
[[604.7024061470237] [592 479 940] [52 470 668]]
[[503.62088916167886] [592 479 940] [216 146 977]]
[[1076.8830020016103] [592 479 940] [819 987 18]]
[[700.31849897029] [592 479 940] [117 168 530]]
[[492.62866339668057] [592 479 940] [805 96 715]]
[[711.4014337910769] [592 479 940] [346 949 466]]
[[941.9575361978904] [592 479 940] [970 615 88]]
[[863.711178577654] [592 479 940] [941 993 340]]
[[1032.7870061150072] [592 479 940] [862 61 35]]
[[811.5719315008374] [592 479 940] [984 92 344]]
[[367.9823365326113] [592 479 940] [425 690 689]]
[[373.41130138226936] [352 342 300] [466 668 158]]
[[371.70552861102294] [352 342 300] [542 29 236]]
[[844.3186602225489] [352 342 300] [431 825 988]]
[[521.7173564297051] [352 342 300] [739 650 466]]
[[491.7397685768358] [352 342 300] [52 470 668]]
[[717.8028977372549] [352 342 300] [216 146 977]]
[[844.7709748801742] [352 342 300] [819 987 18]]
[[372.02284876066415] [352 342 300] [117 168 530]]
[[661.7779083650345] [352 342 300] [805 96 715]]
[[629.3178846973921] [352 342 300] [346 949 466]]
[[708.0939203241333] [352 342 300] [970 615 88]]
[[878.8185250664667] [352 342 300] [941 993 340]]
[[639.7546404677344] [352 342 300] [862 61 35]]
[[681.0726833459113] [352 342 300] [984 92 344]]
[[527.0237186313344] [352 342 300] [425 690 689]]
[[648.2136993307068] [466 668 158] [542 29 236]]
[[845.4430791011303] [466 668 158] [431 825 988]]
[[411.96723170660067] [466 668 158] [739 650 466]]
[[686.0757975617563] [466 668 158] [52 470 668]]
[[1002.8683861803602] [466 668 158] [216 146 977]]
[[495.95362686444787] [466 668 158] [819 987 18]]
[[714.2723570179655] [466 668 158] [117 168 530]]
[[867.3834215616529] [466 668 158] [805 96 715]]
[[433.84905209070126] [466 668 158] [346 949 466]]
[[511.5906566777779] [466 668 158] [970 615 88]]
[[603.633995066547] [466 668 158] [941 993 340]]
[[735.1149569965231] [466 668 158] [862 61 35]]
[[796.6781031257229] [466 668 158] [984 92 344]]
[[533.0347080631805] [466 668 158] [425 690 689]]
[[1100.6548051046705] [542 29 236] [431 825 988]]
[[690.9052033383451] [542 29 236] [739 650 466]]
[[788.1655917381829] [542 29 236] [52 470 668]]
[[817.9523213488669] [542 29 236] [216 146 977]]
[[1020.7923393129477] [542 29 236] [819 987 18]]
[[535.1467088565527] [542 29 236] [117 168 530]]
[[550.5442761486128] [542 29 236] [805 96 715]]
[[968.3573720481504] [542 29 236] [346 949 466]]
[[740.597056434874] [542 29 236] [970 615 88]]
[[1048.4812826178634] [542 29 236] [941 993 340]]
[[379.242666376029] [542 29 236] [862 61 35]]
[[459.34409760004536] [542 29 236] [984 92 344]]
[[809.8265246335168] [542 29 236] [425 690 689]]
[[630.8510125219742] [431 825 988] [739 650 466]]
[[609.9721305108948] [431 825 988] [52 470 668]]
[[712.3110275715237] [431 825 988] [216 146 977]]
[[1057.2076428024914] [431 825 988] [819 987 18]]
[[860.2377578321008] [431 825 988] [117 168 530]]
[[863.6237606735933] [431 825 988] [805 96 715]]
[[543.2172677667749] [431 825 988] [346 949 466]]
[[1069.869618224576] [431 825 988] [970 615 88]]
[[841.5628318788799] [431 825 988] [941 993 340]]
[[1295.2474667027918] [431 825 988] [862 61 35]]
[[1121.531987952194] [431 825 988] [984 92 344]]
[[328.11888089532425] [431 825 988] [425 690 689]]
[[738.3583140995976] [739 650 466] [52 470 668]]
[[888.0686910369039] [739 650 466] [216 146 977]]
[[566.2799660945105] [739 650 466] [819 987 18]]
[[789.4960417886844] [739 650 466] [117 168 530]]
[[610.9607188682428] [739 650 466] [805 96 715]]
[[493.81170500505556] [739 650 466] [346 949 466]]
[[444.3759669469086] [739 650 466] [970 615 88]]
[[417.52724462003675] [739 650 466] [941 993 340]]
[[740.1425538367592] [739 650 466] [862 61 35]]
[[621.5086483710423] [739 650 466] [984 92 344]]
[[387.2014979309868] [739 650 466] [425 690 689]]
[[476.8154779366962] [52 470 668] [216 146 977]]
[[1130.5211187766463] [52 470 668] [819 987 18]]
[[338.33858780813046] [52 470 668] [117 168 530]]
[[842.0771936111321] [52 470 668] [805 96 715]]
[[597.2277622482063] [52 470 668] [346 949 466]]
[[1095.5131217835776] [52 470 668] [970 615 88]]
[[1082.328046388894] [52 470 668] [941 993 340]]
[[1106.376970114617] [52 470 668] [862 61 35]]
[[1056.6380648074344] [52 470 668] [984 92 344]]
[[433.55507147304826] [52 470 668] [425 690 689]]
[[1410.8759690348404] [216 146 977] [819 987 18]]
[[458.360120429341] [216 146 977] [117 168 530]]
[[646.5794614739939] [216 146 977] [805 96 715]]
[[960.640411392317] [216 146 977] [346 949 466]]
[[1256.502288099787] [216 146 977] [970 615 88]]
[[1284.057241714714] [216 146 977] [941 993 340]]
[[1145.384215012587] [216 146 977] [862 61 35]]
[[996.7090849390307] [216 146 977] [984 92 344]]
[[650.0469213833721] [216 146 977] [425 690 689]]
[[1194.0305691229182] [819 987 18] [117 168 530]]
[[1131.3204674184942] [819 987 18] [805 96 715]]
[[652.5925221759746] [819 987 18] [346 949 466]]
[[407.53527454687895] [819 987 18] [970 615 88]]
[[344.3893145845266] [819 987 18] [941 993 340]]
[[927.1537089393538] [819 987 18] [862 61 35]]
[[966.7088496543311] [819 987 18] [984 92 344]]
[[832.8781423473664] [819 987 18] [425 690 689]]
[[716.0677342263091] [117 168 530] [805 96 715]]
[[816.393287576521] [117 168 530] [346 949 466]]
[[1059.614080691645] [117 168 530] [970 615 88]]
[[1181.3979007938012] [117 168 530] [941 993 340]]
[[900.8323928456392] [117 168 530] [862 61 35]]
[[889.9780896179411] [117 168 530] [984 92 344]]
[[626.6011490573569] [117 168 530] [425 690 689]]
[[1000.1454894164149] [805 96 715] [346 949 466]]
[[830.4908187331152] [805 96 715] [970 615 88]]
[[981.6975094192711] [805 96 715] [941 993 340]]
[[683.2817866736973] [805 96 715] [862 61 35]]
[[411.9441709746601] [805 96 715] [984 92 344]]
[[705.628797598284] [805 96 715] [425 690 689]]
[[802.3814554188051] [346 949 466] [970 615 88]]
[[609.7843881241959] [346 949 466] [941 993 340]]
[[1113.8047405178343] [346 949 466] [862 61 35]]
[[1075.3497105593137] [346 949 466] [984 92 344]]
[[350.786259708102] [346 949 466] [425 690 689]]
[[455.22412062631304] [970 615 88] [941 993 340]]
[[566.9118097199952] [970 615 88] [862 61 35]]
[[582.4611575032278] [970 615 88] [984 92 344]]
[[814.770519839789] [970 615 88] [425 690 689]]
[[983.8140068122633] [941 993 340] [862 61 35]]
[[902.034367416231] [941 993 340] [984 92 344]]
[[692.7236101072347] [941 993 340] [425 690 689]]
[[333.6555109690233] [862 61 35] [984 92 344]]
[[1007.1375278481088] [862 61 35] [425 690 689]]
[[888.3186365263311] [984 92 344] [425 690 689]]
